808 301
794 301
772 301
775 301
790 301
832 301
836 301
906 301
906 301
801 301
785 301
880 301
871 301
886 301
816 301
784 301
834 301
792 301
888 301
782 301
788 301
878 301
782 301
790 301
803 301
865 301
786 301
802 301
906 301
880 301
879 301
788 301
830 301
796 301
775 301
894 301
827 301
869 301
854 301
864 301
789 301
778 301
817 301
809 301
901 301
797 301
894 301
814 301
775 301
779 301
877 301
875 301
787 301
794 301
864 301
809 301
787 301
893 301
807 301
844 301
843 301
806 301
802 301
906 301
797 301
796 301
793 301
775 301
794 301
896 301
803 301
806 301
825 301
806 301
820 301
863 301
820 301
834 301
817 301
894 301
800 301
797 301
797 301
808 301
789 301
785 301
822 301
871 301
780 301
889 301
787 301
869 301
795 301
888 301
782 301
827 301
786 301
827 301
813 301
893 301
882 301
789 301
879 301
778 301
789 301
877 301
824 301
886 301
885 301
795 301
889 301
900 301
790 301
783 301
806 301
897 301
870 301
793 301
884 301
877 301
776 301
768 301
885 301
898 301
792 301
809 301
808 301
819 301
800 301
851 301
803 301
842 301
789 301
898 301
844 301
836 301
782 301
833 301
799 301
866 301
789 301
798 301
893 301
869 301
787 301
891 301
860 301
905 301
808 301
775 301
857 301
811 301
844 301
898 301
901 301
874 301
897 301
810 301
806 301
874 301
867 301
788 301
789 301
898 301
792 301
893 301
822 301
787 301
894 301
822 301
902 301
888 301
895 301
884 301
786 301
797 301
892 301
906 301
898 301
821 301
788 301
791 301
813 301
848 301
902 301
869 301
894 301
785 301
902 301
888 301
790 301
883 301
901 301
899 301
799 301
817 301
884 301
796 301
792 301
815 301
