133 38
515 181
134 41
501 176
97 23
333 117
783 301
794 301
154 46
805 301
774 301
319 114
245 90
107 27
477 175
71 11
633 240
241 73
168 49
446 164
782 301
799 301
72 19
270 99
778 301
368 129
813 301
542 196
772 301
797 301
128 35
123 35
519 197
810 301
628 223
529 197
791 301
462 159
802 301
772 301
790 301
660 244
245 81
747 285
781 301
97 17
816 301
156 54
76 16
565 210
443 166
66 21
337 111
71 13
283 99
440 160
828 301
789 301
477 172
795 301
775 287
553 206
608 230
776 301
777 290
690 255
82 26
518 187
41 7
553 206
331 113
169 49
400 150
692 252
439 159
108 35
807 301
793 301
379 140
802 296
667 245
786 294
380 131
796 301
791 301
258 90
264 94
140 46
812 301
801 301
824 301
510 193
831 301
72 23
773 301
781 301
778 301
608 231
787 301
152 53
808 301
377 140
521 189
790 301
825 301
246 84
195 65
789 301
61 9
621 232
788 301
777 301
771 282
407 151
76 11
132 45
66 7
786 301
246 81
674 253
374 129
268 86
328 123
775 301
97 27
794 301
743 274
68 17
772 301
800 301
797 299
832 301
779 301
774 301
232 83
459 161
229 77
210 71
781 301
597 216
762 277
807 301
828 301
415 147
845 301
823 301
815 301
108 35
748 284
66 9
243 77
654 244
832 301
779 301
529 197
199 69
782 301
87 17
419 150
834 301
153 48
788 301
808 301
775 301
395 143
135 41
379 132
427 156
117 34
730 263
787 301
786 301
777 301
798 301
178 58
498 180
783 301
721 262
689 253
772 301
139 43
800 301
817 301
418 157
703 259
792 301
488 185
215 67
199 69
454 167
686 250
232 79
129 33
362 125
472 170
153 41
798 301
143 41
776 301
308 106
